Sample	CT_bacterial	Bacterial (fg)	Concentration_bacterial (fg/ul)	Log_bacterial	CT_fungal	Concentration_fungal (fg)	Concentration_fungal (fg/ul)	16S copy numbers	Log_16S_copy	Log_Fungal	ITS copy numbers	Log_ITS_copy	Bacterial_ratio	Fungal_ratio
Heat_desert	11.09051037	12825834.07	6412917.034	22.61254931	27.58882141	225.5696695	112.7848347	17956167.7	24.09797614	6.817429283	17.27721559	4.110798825	3.020500532	0.331070956
Heat_desert	16.23665428	1456405.923	728202.9613	19.47398108	21.21406174	13465.69673	6732.848366	2038968.292	20.95940791	12.71700126	1031.387536	10.0103708	1.492598907	0.669972352
Heat_desert	16.72957039	1207045.574	603522.787	19.20304872	23.9489975	1698.382014	849.1910071	1689863.804	20.68847555	9.729945283	130.0853625	7.023314825	1.882865959	0.531105252
Heat_desert	17.01893997	1060656.972	530328.4858	19.01652672	22.93848419	3527.841361	1763.92068	1484919.76	20.50195354	10.78456997	270.2104228	8.077939515	1.69853688	0.588742
Heat_desert	17.52531052	804490.1845	402245.0923	18.61771529	26.19838524	788.1934688	394.0967344	1126286.258	20.10314212	8.622405985	60.37065409	5.915775527	2.038753647	0.49049575
Heat_desert	17.83045006	650123.749	325061.8745	18.31035483	25.64689255	1011.348562	505.6742808	910173.2487	19.79578166	8.982064593	77.46292833	6.275434135	1.934505097	0.516928077
Heat_desert	17.99352455	567626.3181	283813.1591	18.11458196	22.5872345	5552.095137	2776.047569	794676.8453	19.60000878	11.43881657	425.2555093	8.732186116	1.536688144	0.650750124
Heat_desert	18.01717377	555662.4634	277831.2317	18.08384926	25.21600914	1185.700513	592.8502565	777927.4488	19.56927609	9.211523941	90.81718938	6.504893484	1.868854186	0.535087225
Heat_desert	18.42597771	348853.4519	174426.7259	17.41226158	23.00307274	3155.617238	1577.808619	488394.8326	18.89768841	10.62370651	241.7004	7.917076051	1.58402671	0.631302486
Heat_desert	18.47362328	324750.1299	162375.0649	17.30897058	27.00252914	462.8060053	231.4030026	454650.1818	18.7943974	7.854263774	35.44802433	5.147633317	2.067813998	0.483602491
Heat_desert	19.00338554	186580.8122	93290.40612	16.5094411	25.11664772	1225.905954	612.952977	261213.1371	17.99486793	9.259632591	93.89667287	6.553002133	1.706634321	0.585948605
Heat_desert	19.00403214	186550.1704	93275.08519	16.50920415	22.49844551	6063.786516	3031.893258	261170.2385	17.99463098	11.56600325	464.4478453	8.859372789	1.393378929	0.717679864
Heat_desert	19.2326107	175717.869	87858.9345	16.42290138	26.61856651	618.172011	309.0860055	258965.5799	17.98240083	8.271864525	47.34808156	5.565234067	1.879115181	0.532165356
Heat_desert	19.75857544	150792.4851	75396.24253	16.20220501	29	120.511782	60.25589099	212893.2507	17.69977069	5.91303039	9.230443276	3.206399932	2.488373989	0.401868853
Heat_modern	16.29682541	1425966.071	712983.0354	19.44350822	23.12215233	2469.360956	1234.680478	1996352.499	20.92893505	10.26992202	189.1374923	7.563291563	1.813988436	0.55127143
Heat_modern	16.66061592	1241928.813	620964.4063	19.24415105	21.29269409	13012.53807	6506.269036	1738700.338	20.72957788	12.66761476	996.6784374	9.960984307	1.481176591	0.675138944
Heat_modern	17.13351822	1002693.21	501346.6051	18.93544883	22.71871376	4794.379475	2397.189737	1403770.494	20.42087565	11.22712839	367.2192632	8.52049793	1.630427701	0.613335997
Heat_modern	17.42969894	852858.9325	426429.4663	18.70194761	23.7251339	1788.965813	894.4829063	1194002.506	20.18737443	9.804910102	137.0235108	7.098279645	1.823425407	0.548418376
Heat_modern	17.76599884	682728.8473	341364.4236	18.38095319	26.58260536	632.7232719	316.361636	955820.3862	19.86638001	8.30543085	48.46261647	5.598800392	2.082757209	0.480132776
Heat_modern	18.38273811	370727.8438	185363.9219	17.50000095	25.61440086	1024.495943	512.2479715	519018.9813	18.98542778	9.000698556	78.46993492	6.294068098	1.849870871	0.540578273
Heat_modern	18.65419006	233403.557	116701.7785	16.83246702	24.55997086	1451.158762	725.5793811	326764.9797	18.31789385	9.502989649	111.1496189	6.796359191	1.697846767	0.588981302
Heat_modern	18.66351891	228684.2076	114342.1038	16.80299721	25.3824482	1118.352888	559.1764439	320157.8906	18.28842404	9.127159776	85.65878558	6.420529319	1.757945723	0.568845777
Heat_modern	19.73168945	152066.6076	76033.30381	16.21434386	25.57487488	1040.489673	520.2448364	222958.9815	17.76641879	9.023046931	79.69495385	6.316416473	1.717476131	0.582249722
Heat_modern	20.49666405	115814.5852	57907.29258	15.82145743	26.70525742	583.0935472	291.5467736	184614.8527	17.4941591	8.187583547	44.66129222	5.480953089	1.830890281	0.546182374
Heat_modern	20.91321373	96074.36298	48037.18149	15.55186389	26.1692276	799.9917676	399.9958838	142953.7389	17.12518883	8.643841344	61.27432945	5.937210886	1.716314412	0.582643829
Heat_modern	21.21775055	81642.4123	40821.20615	15.31703119	26.54242706	648.9809525	324.4904763	115707.185	16.82011893	8.342032326	49.70785238	5.635401868	1.746625426	0.572532602
Heat_modern	22.42056084	24641.42706	12320.71353	13.58879819	25.54984093	1050.619369	525.3096847	44481.2217	15.44090879	9.037024372	80.47082479	6.330393915	1.453498333	0.687995285
Heat_modern	23.22742462	16715.56283	8357.781417	13.02890431	23.97835732	1686.501906	843.250953	34497.99788	15.07422502	9.719818233	129.175421	7.013187776	1.308688637	0.764123697
Heat_modern	23.88979721	13646.79086	6823.395431	12.73627411	25.80944633	945.5730653	472.7865327	23401.78797	14.51433114	8.885045131	72.42493969	6.178414673	1.389601558	0.719630742
Rhizo_desert	17.00424957	1068088.668	534044.3342	19.02659999	23.66455269	1813.479292	906.7396462	1495324.136	20.51202682	9.824544556	138.9010889	7.117914099	1.850110172	0.540508352
Rhizo_desert	18.04893494	539594.8686	269797.4343	18.0415171	25.37419891	1121.690864	560.845432	755432.8161	19.52694393	9.131459411	85.91445353	6.424828954	1.879444642	0.532072069
Rhizo_desert	18.22611237	449962.9316	224981.4658	17.77944663	23.72035599	1790.899138	895.4495688	629948.1042	19.26487346	9.806468373	137.1715913	7.099837915	1.737796844	0.575441257
Rhizo_desert	19.25344849	174730.3698	87365.18489	16.41477086	22.98819923	3241.333321	1620.66666	246005.0166	17.90832821	10.66237167	248.265712	7.955741214	1.493244372	0.669682752
Rhizo_desert	19.96771812	140881.247	70440.6235	16.10412006	21.68933105	10726.71724	5363.35862	211109.4791	17.68763183	12.38892101	821.5989622	9.682290549	1.277483081	0.782789232
Rhizo_desert	20.14139748	132650.6106	66325.30529	16.01727179	25.92060661	900.5933537	450.2966768	197233.7458	17.58954689	8.81473202	68.97977715	6.108101563	1.733849865	0.576751206
Rhizo_desert	20.15791702	131867.7519	65933.87597	16.00873227	23.16495132	2222.710125	1111.355062	185710.8548	17.50269862	10.1181041	170.2455925	7.411473638	1.529823082	0.653670357
Rhizo_desert	21.22367096	81361.84502	40680.92251	15.31206477	28.8429184	129.7745829	64.88729143	114299.3772	16.80245802	6.01986404	9.939915467	3.313233583	2.323700955	0.430347975
Rhizo_desert	21.94182396	47328.69035	23664.34518	14.53042738	27.09156036	426.7805595	213.3902797	98399.94396	16.58636987	7.73735065	32.68870214	5.030720193	1.777475576	0.562595635
Rhizo_desert	22.2700882	31772.30121	15886.15061	13.95548197	27.10161972	422.710158	211.355079	66260.1665	16.01585421	7.723524971	32.37693503	5.016894514	1.714385184	0.583299488
Rhizo_modern	16.56425667	1290675.803	645337.9016	19.29969523	25.69757843	990.8391098	495.4195549	1806946.125	20.78512206	8.952507005	75.89203352	6.245876547	2.039656463	0.490278642
Rhizo_modern	18.37680244	373730.6275	186865.3138	17.51163927	24.45320702	1494.359506	747.1797531	523222.8785	18.9970661	9.545311552	114.4585237	6.838681094	1.755437872	0.56965844
Rhizo_modern	18.64313507	238996.1452	119498.0726	16.86662782	26.92756844	493.1379828	246.5689914	334594.6033	18.35205465	7.945847567	37.77126271	5.239217109	1.997197883	0.500701512
Rhizo_modern	18.81488419	195513.8611	97756.93057	16.57691137	24.423069	1506.554503	753.2772516	273719.4056	18.06233819	9.557037152	115.3925837	6.850406694	1.664947382	0.600619582
Rhizo_modern	19.43148613	166293.1946	83146.59731	16.3433696	23.15264511	2293.630895	1146.815448	244622.5177	17.90019769	10.16341753	175.6776767	7.45678707	1.553589621	0.643670624
Rhizo_modern	20.73114586	104702.53	52351.26499	15.67593678	23.18202019	2124.342181	1062.171091	162140.4192	17.30688425	10.05280045	162.7112277	7.346169996	1.50875218	0.662799374
Rhizo_modern	20.78585625	102109.8135	51054.90676	15.639762	26.11434364	822.1999214	411.0999607	146583.542	17.1613636	8.683345424	62.97533412	5.976714966	1.7183898	0.58194014
Rhizo_modern	21.04293251	89927.01093	44963.50546	15.4564669	25.0338459	1259.410745	629.7053727	134504.1082	17.03729071	9.298533166	96.46292881	6.591902709	1.597942797	0.625804629
Rhizo_modern	21.1965313	82647.9893	41323.99465	15.3346921	25.43152237	1098.495595	549.2477977	118227.5722	16.851207	9.10131337	84.13784208	6.394682912	1.617085967	0.618396313
Rhizo_modern	21.45739555	70285.67426	35142.83713	15.10094305	27.4355278	287.5981428	143.7990714	113906.583	16.7974916	7.167910549	22.02820587	4.461280092	1.971243802	0.507293922
